0.0000	1020.6238	394.0114	525.3761	1078.9708	643.8672	875.7974	319.3525	757.5863	859.2793	1066.3827	372.9799	430.1163	1493.2950	962.5658	901.6984	1186.1197	807.7586	1141.2703	239.7269	1078.7052	1190.6452	999.5089	897.3962	394.8189	548.2335	1594.3952	694.7841	806.9876	743.8064	575.9141	853.1319	1195.2611	180.6018	510.5536	1110.8758	399.4897	751.9003	1229.4039	537.5872	955.9801	1491.7362	926.3504	556.5043	545.0550	592.5572	1193.1220	988.8680	875.2651	822.1368	1277.1132	712.3370	779.4832	535.3812	760.3453	1077.6539	944.8201	479.7520	534.4390	1408.2091	338.5646	418.7434	770.3934	1307.8964	1463.0629	1209.9893	842.8962	1074.5650	844.9876	543.2983	322.8452	1161.0844	859.0285	1263.6519	421.0012	652.6944	997.0160	1345.7106	1338.7446	790.3702	971.8462	860.9297	1172.6658	836.2356	888.6056	440.9535	267.0599	195.9796	1162.1467	862.2598	1155.6769	713.6561	819.4205	1026.4156	1103.8859	1259.5114	496.3426	396.7732	284.4820	938.1327
1020.6238	0.0000	1383.6336	1517.8264	1748.5368	1610.0093	263.2451	1307.0138	906.0121	1738.4878	1014.0399	737.9871	1419.8778	1791.1519	1003.9482	704.9177	1544.3215	1808.3487	1044.0694	836.7999	1060.9072	1571.1757	94.1116	1916.4877	1415.0594	577.2218	873.0596	527.9564	897.6692	1072.0154	1253.6259	456.2072	1389.8093	1177.0217	1507.1782	1724.8223	1361.6920	517.0542	720.7947	1555.2739	1165.2129	1874.3586	1199.2831	1226.0587	1553.1658	489.5600	1360.5062	75.2130	1868.9088	460.9056	1741.6547	1190.5835	348.8911	1552.0941	1780.4567	824.1511	122.4827	806.0006	1542.9802	553.9458	1345.3078	605.2214	1762.9705	1839.0476	680.0000	1720.3689	1046.8357	1443.4753	1290.8249	892.1581	1125.3417	1009.6435	412.0449	1494.5344	1369.3330	733.8726	39.6232	1502.9604	772.8648	1449.2571	707.8658	430.5729	684.2996	914.5321	748.6555	613.0489	1281.3001	1216.4395	828.8028	1875.5386	1785.0137	1067.5448	1808.6163	233.2381	102.5914	958.3006	797.1606	1302.5222	750.2193	839.2151
394.0114	1383.6336	0.0000	134.6291	819.6981	542.1291	1262.2726	77.1298	1110.9725	499.7940	1418.0793	663.7115	36.6742	1369.4908	1055.2507	1104.1907	1077.9262	424.7364	1494.0084	548.3357	1164.4956	1070.4284	1349.7292	597.7165	203.0394	942.1916	1840.1666	974.0329	1163.6443	780.3006	787.8705	1247.1299	1163.8024	339.4378	123.6932	878.7776	69.0000	1025.3687	1452.7908	306.7784	975.2359	1329.0546	923.3168	465.0871	177.8820	916.4262	1174.4416	1342.6932	487.2556	1216.1332	1100.8020	674.8667	1100.5821	203.2978	461.0640	1250.8785	1319.8060	683.9656	357.0014	1706.2034	74.8131	798.7822	381.2938	1093.8236	1737.0671	1019.5906	1170.0996	983.2217	774.3675	684.0029	324.0062	1520.7189	1252.5354	1203.0017	450.8714	1033.3368	1364.2067	1304.9582	1563.3125	599.5498	1356.6842	1254.7370	1399.6485	1191.0269	1268.1755	831.9525	146.0137	229.9935	1343.7157	497.8966	908.6980	1024.6648	428.9114	1412.2132	1473.3679	1412.6493	700.8459	502.8021	634.0544	1094.0128
525.3761	1517.8264	134.6291	0.0000	791.3090	535.4521	1396.3800	211.7404	1222.5158	419.3197	1526.9787	794.7440	98.0816	1385.3989	1144.6611	1216.6972	1106.0289	290.6303	1602.9180	681.8776	1249.9700	1094.3089	1483.0084	496.7293	243.7417	1073.3592	1955.8701	1100.5294	1275.9205	864.0394	865.0578	1378.0196	1215.8129	448.7906	20.6155	861.7569	166.4812	1150.6285	1566.0351	280.2642	1047.4015	1330.6544	990.7416	534.8467	76.5310	1048.3663	1230.2227	1476.2791	352.6656	1347.0431	1101.7849	743.4649	1231.4812	135.0741	368.2458	1355.5818	1454.4322	804.7820	346.8789	1831.9784	189.3198	933.1763	246.7590	1078.6867	1858.5901	1016.8628	1272.3749	1020.2206	826.9462	794.5596	438.3207	1632.1890	1384.4024	1244.5995	504.9455	1155.4263	1498.6210	1351.0444	1676.0671	617.1588	1479.7152	1386.1962	1513.9884	1302.4477	1388.8931	964.9974	265.0000	348.7865	1449.1849	369.6701	883.3555	1123.7317	294.7711	1546.4349	1607.8458	1511.0040	821.2430	572.1058	768.5376	1197.2088
1078.9708	1748.5368	819.6981	791.3090	0.0000	1326.2945	1744.8934	847.2001	1832.0221	433.0739	2138.4971	1074.9530	807.3525	669.9284	901.0888	1149.2302	487.1817	836.6122	2212.0922	1052.7911	947.7241	456.6158	1677.2704	1168.8088	1015.8051	1532.6298	1810.5496	1222.7072	1879.1565	696.0934	1595.1693	1811.6523	702.1574	1123.6089	809.5042	96.7729	761.9829	1243.7524	1439.8403	1070.6194	715.1224	574.2587	650.4898	560.5649	858.8859	1276.9628	735.5719	1682.7626	813.9834	1782.9428	361.3862	559.9732	1400.7141	922.2933	1087.2153	1183.8733	1739.3565	954.6518	1138.1709	1829.1050	890.2966	1329.6992	786.4477	296.5215	1792.7022	275.1363	1921.8595	478.8027	485.1495	858.2103	766.4757	2226.5877	1799.3921	665.4397	1270.5432	1703.2076	1747.0618	776.5005	1529.6251	310.6719	1999.4962	1808.9715	1407.2203	1909.0615	1932.6360	1402.9775	943.4008	1010.8541	1266.5169	947.0048	92.8924	1789.9947	778.0925	1874.6106	1851.0197	1255.9176	960.0260	1319.6231	1150.3460	1049.1906
643.8672	1610.0093	542.1291	535.4521	1326.2945	0.0000	1413.8359	558.6528	1000.4179	931.9539	1262.0036	1016.4964	539.5785	1909.4965	1551.9878	1536.9727	1619.9448	601.3327	1333.3375	882.8771	1666.0930	1611.9606	1606.2755	421.6835	344.0363	1054.3799	2238.2558	1338.5141	1053.0812	1292.8345	520.0346	1322.4844	1700.6222	463.4587	517.9846	1397.0948	610.8887	1395.7152	1871.2031	255.7049	1497.9710	1862.4527	1451.2925	999.3648	467.9850	1228.9333	1709.0655	1591.8194	671.0961	1294.4451	1633.4861	1205.5260	1412.9122	404.4280	351.5508	1705.9264	1514.5428	1106.3241	189.4466	2043.6443	494.1225	1013.6217	616.3319	1614.0266	2104.6354	1549.7138	989.0020	1525.0879	1313.0015	1145.3785	811.6083	1377.0294	1345.2186	1743.7170	240.7094	1021.8224	1580.2848	1844.0011	1981.0427	1138.3093	1323.3896	1339.5242	1814.7507	1071.2987	1219.1493	997.0160	489.6121	490.6577	1793.9509	558.5741	1418.5528	839.4343	655.5341	1558.9439	1679.0965	1882.1397	1123.6837	312.9505	921.8031	1558.0552
875.7974	263.2451	1262.2726	1396.3800	1744.8934	1413.8359	0.0000	1185.3173	643.8447	1669.7191	759.8717	676.6720	1298.9384	1883.6000	1109.7252	832.2674	1612.5771	1682.6589	795.8800	740.0027	1187.1857	1635.2446	326.0751	1751.5048	1259.5956	359.4844	1129.0868	586.5970	634.4762	1111.6497	1017.1411	196.0230	1489.0991	1010.0347	1383.0430	1735.6157	1252.4221	601.8978	933.8206	1391.6009	1244.9390	1949.1911	1266.1761	1194.3978	1420.6738	477.2306	1464.4975	301.0266	1748.6137	197.9899	1791.8686	1204.7925	433.0139	1410.0135	1620.0395	985.1563	140.8119	792.1900	1369.6956	816.3198	1213.1879	464.3888	1642.9939	1875.5207	938.7321	1758.1766	783.8271	1503.8860	1322.0004	895.7946	1048.9233	766.6720	152.1611	1590.7976	1175.6364	477.5825	223.6605	1616.7053	1001.5318	1435.9554	459.3082	171.2921	889.2806	651.3102	489.0368	436.7436	1142.8403	1068.9401	1010.2396	1737.3834	1793.6510	809.9247	1691.1064	150.6851	286.5048	1143.0004	788.7515	1101.4218	641.2527	961.0099
319.3525	1307.0138	77.1298	211.7404	847.2001	558.6528	1185.3173	0.0000	1048.2199	556.7989	1356.4461	590.0034	113.7805	1368.4005	1010.3034	1043.4184	1071.2693	501.5376	1432.2639	472.4881	1121.6653	1066.3217	1273.8634	659.8257	215.1279	867.0006	1776.2641	903.4827	1100.3131	740.9845	749.0961	1172.0000	1142.1580	285.0000	200.1924	899.5493	90.6973	955.6673	1390.8990	343.7586	942.0340	1336.3761	893.5508	441.0000	249.8740	841.7422	1150.4130	1266.5836	564.3837	1141.0000	1109.7333	647.0131	1026.6158	265.1660	521.2840	1195.0732	1242.7248	618.4788	382.6238	1635.6262	65.9697	721.7091	458.4234	1111.8332	1669.3607	1031.2012	1113.1235	971.9424	755.5567	626.3809	268.7769	1457.3610	1176.8228	1187.4991	433.7972	963.9129	1287.3838	1286.2430	1501.6128	605.0264	1286.3269	1179.2650	1337.0898	1128.1879	1199.3407	755.6309	96.2133	171.1432	1287.1973	572.1765	933.6943	970.2087	505.9802	1335.2022	1396.4791	1360.6796	635.6115	473.8576	557.1966	1039.6600
757.5863	906.0121	1110.9725	1222.5158	1832.0221	1000.4179	643.8447	1048.2199	0.0000	1604.5716	309.1812	858.3105	1142.2771	2172.6024	1491.8586	1288.5065	1870.2110	1461.5940	384.6102	812.2192	1596.1059	1882.1958	956.9206	1407.9989	1005.0995	425.9589	1752.8608	1006.5744	54.3323	1371.6184	493.3559	463.7639	1819.9648	774.1279	1203.4151	1856.9464	1137.3957	1051.2455	1498.6451	1089.9748	1562.8708	2196.7508	1556.7999	1287.7865	1211.0136	847.1511	1806.6004	933.1265	1536.5422	450.6440	1996.6284	1397.5783	939.3280	1173.1709	1302.1244	1471.1196	783.7474	1023.8520	1039.7317	1454.6924	1039.6831	609.8697	1442.2708	2043.7148	1569.1966	1938.3201	146.0034	1755.1219	1533.1748	1131.0349	1066.1520	409.8707	505.1069	1907.4593	805.0621	193.6208	866.6718	1966.2513	1585.1669	1534.1473	338.2366	489.2617	1446.0387	80.0562	233.7541	521.1804	965.1218	881.0068	1524.4619	1475.1437	1905.0354	191.0236	1492.4064	739.5958	923.7408	1652.4896	1031.9133	717.0565	734.6353	1389.5222
859.2793	1738.4878	499.7940	419.3197	433.0739	931.9539	1669.7191	556.7989	1604.5716	0.0000	1913.0763	1004.1061	473.5198	1093.0714	1103.9511	1273.7963	862.9444	403.7140	1988.8502	930.1882	1185.4484	840.2244	1684.9252	736.2099	662.6953	1388.6054	1999.7222	1249.3622	1656.3556	833.5184	1280.8318	1689.8547	1036.3252	838.4748	439.8204	522.8614	467.1841	1287.4180	1608.8645	680.0625	951.1745	1006.4472	884.2104	537.0438	470.8206	1249.0336	1061.8215	1683.9623	383.0196	1659.1884	787.2820	680.8825	1411.4478	532.8865	660.9100	1365.7983	1699.3322	943.4410	751.1165	1945.7204	574.2273	1212.5547	355.1296	728.9911	1941.0358	699.1430	1668.9724	811.3797	694.2197	883.5485	621.0201	2013.1905	1688.0098	1030.7905	924.2105	1511.9302	1727.2875	1144.2491	1712.0386	425.1141	1830.3338	1693.3520	1564.9645	1684.4622	1747.8595	1266.1489	644.6100	726.5294	1457.9993	514.0243	523.9179	1524.3097	345.0232	1814.0176	1836.8530	1484.2587	955.6239	989.4524	1030.1811	1210.7593
1066.3827	1014.0399	1418.0793	1526.9787	2138.4971	1262.0036	759.8717	1356.4461	309.1812	1913.0763	0.0000	1138.3892	1448.7967	2456.6436	1747.4991	1517.3925	2157.6886	1757.8197	75.9605	1107.1210	1845.6720	2171.5340	1085.4575	1679.5440	1304.0161	671.7648	1886.7167	1238.2718	259.6247	1652.7516	742.0061	564.5264	2092.5738	1079.8838	1507.5812	2161.1592	1445.9059	1275.5117	1682.1920	1379.0446	1835.3338	2488.0452	1834.8932	1590.3550	1512.0268	1084.1181	2076.4836	1060.3132	1833.1844	568.8207	2292.8868	1690.0568	1138.4595	1471.3276	1582.6247	1692.3717	895.8063	1301.7104	1324.1288	1565.0383	1346.1092	877.0006	1741.4896	2344.5010	1694.0239	2237.2488	273.0018	2042.6713	1824.7060	1411.4974	1372.0776	115.6244	607.8701	2184.0009	1088.3832	450.6995	975.1313	2235.8464	1756.9431	1838.4072	308.0990	588.6697	1633.8057	230.1521	277.5032	788.4795	1272.0853	1188.3316	1734.5158	1764.3310	2210.2029	424.0625	1791.3353	801.9009	1000.2400	1866.1096	1307.8746	1001.2277	1022.7267	1629.6911
372.9799	737.9871	663.7115	794.7440	1074.9530	1016.4964	676.6720	590.0034	858.3105	1004.1061	1138.3892	0.0000	698.5657	1318.2777	654.4226	536.7327	1020.1225	1084.2085	1205.3298	133.6899	766.6453	1035.2053	693.2128	1237.5080	741.0479	478.2322	1222.2872	324.5751	893.3784	514.6591	874.0463	738.2412	962.0359	553.5675	786.6746	1074.0731	632.4634	380.8254	856.9527	888.1363	705.3538	1352.8729	698.6881	518.8111	839.8673	254.5938	949.7084	688.8672	1140.4056	710.2260	1167.0150	561.8060	436.8844	850.3582	1098.0515	718.7767	695.4143	165.7106	896.2751	1050.8801	638.9053	267.0880	1035.2584	1233.3568	1096.1318	1119.9893	984.1240	905.3132	692.8102	273.4026	387.3771	1207.0563	724.5909	1049.2216	792.5478	687.8372	724.5033	1109.1911	966.0047	764.4325	945.6093	734.5434	800.0831	923.4717	894.7234	352.1505	587.5755	544.0312	798.6845	1161.5894	1129.9792	896.3152	1078.9365	815.2748	834.4160	904.3921	174.9571	759.4478	134.5362	592.1900
430.1163	1419.8778	36.6742	98.0816	807.3525	539.5785	1298.9384	113.7805	1142.2771	473.5198	1448.7967	698.5657	0.0000	1369.9380	1076.6397	1132.8283	1081.4250	388.4765	1524.7485	584.2337	1184.7806	1072.7330	1385.5461	570.5436	208.9067	978.3455	1870.0096	1007.2860	1195.1607	799.6049	809.5289	1283.2435	1174.2185	369.1030	88.1192	869.5660	84.0952	1058.2032	1481.7807	296.2431	991.3314	1325.5403	937.9259	479.0376	146.3728	951.6743	1185.9595	1378.6443	450.6318	1252.2496	1096.8400	689.3069	1135.4444	179.3683	435.4595	1277.1132	1356.3720	715.1238	351.7456	1739.3082	102.6937	835.4556	344.6534	1085.5105	1768.7660	1014.4920	1198.9804	989.0854	784.2984	711.6973	352.2059	1552.1266	1288.8483	1210.4776	464.7602	1067.3378	1400.5788	1313.8177	1592.1737	598.8197	1390.9799	1290.9686	1428.9734	1222.3297	1301.8833	868.4699	177.4852	262.0840	1370.2281	463.4350	897.3567	1052.5992	392.2372	1448.8854	1509.7828	1436.9930	731.8716	521.3914	670.4700	1119.6933
1493.2950	1791.1519	1369.4908	1385.3989	669.9284	1909.4965	1883.6000	1368.4005	2172.6024	1093.0714	2456.6436	1318.2777	1369.9380	0.0000	787.2363	1088.1112	307.2621	1490.4026	2523.1195	1364.0649	744.0329	304.4240	1701.8860	1818.0347	1572.0865	1790.9913	1521.0003	1297.2914	2210.0998	804.0560	2064.6213	2009.5711	401.6279	1600.4265	1399.9518	574.3736	1301.8425	1288.0140	1236.3171	1660.9738	639.0649	151.8190	625.8091	947.3484	1460.2743	1418.3998	432.8441	1716.4644	1476.0152	1986.3829	308.5515	784.2716	1462.7713	1520.4174	1722.0003	1012.0079	1827.6458	1155.3995	1721.0593	1661.6946	1426.8090	1581.3640	1436.0669	405.7203	1575.8633	395.4643	2290.6322	420.5235	649.2473	1045.1933	1179.0153	2522.8890	1983.8649	296.6513	1799.6989	2006.1107	1804.4370	315.5456	1287.3651	771.2360	2247.9326	1998.4719	1229.6556	2240.3571	2207.7504	1668.9667	1457.1249	1501.4560	1056.6177	1603.7188	590.4346	2184.2502	1434.7265	1978.6422	1888.4136	977.5178	1150.1035	1826.8599	1438.0056	954.3589
962.5658	1003.9482	1055.2507	1144.6611	901.0888	1551.9878	1109.7252	1010.3034	1491.8586	1103.9511	1747.4991	654.4226	1076.6397	787.2363	0.0000	302.1539	559.1395	1380.8001	1807.3021	752.9475	116.1551	590.5294	914.7267	1641.3778	1219.7528	1077.0984	912.9321	526.5150	1520.1691	283.0636	1517.5645	1252.6807	385.8938	1124.8555	1148.4119	841.4773	992.5447	508.0837	539.1744	1354.0491	190.9476	876.4131	251.2688	616.3927	1215.7845	667.6114	357.5318	929.2303	1407.3820	1232.6110	774.2487	426.3860	680.9178	1256.0080	1510.3410	283.0495	1043.9320	497.6676	1389.5568	941.6666	1075.8927	882.0346	1321.2165	890.3797	893.5726	776.0316	1625.7764	476.3035	426.6439	419.2684	743.7809	1798.3381	1222.4504	490.5966	1364.8579	1307.6532	1017.7318	507.0010	629.2217	687.5536	1506.2145	1238.5528	509.4801	1549.1666	1481.6616	970.6992	1064.1325	1065.1089	366.3905	1487.6508	900.9606	1547.9289	1347.3355	1195.6354	1101.2579	380.7414	484.1622	1356.1490	788.8834	171.0263
901.6984	704.9177	1104.1907	1216.6972	1149.2302	1536.9727	832.2674	1043.4184	1288.5065	1273.7963	1517.3925	536.7327	1132.8283	1088.1112	302.1539	0.0000	857.2444	1484.4427	1571.3644	664.4494	358.2639	887.2114	614.3631	1701.7274	1232.2475	862.8998	740.7699	282.0018	1309.1971	458.4016	1401.8092	991.5856	686.4874	1080.0060	1215.3226	1102.8586	1052.0627	242.0124	349.3566	1376.8152	478.9259	1178.3892	525.9895	741.7958	1278.9156	441.4159	656.2012	629.8508	1524.2037	975.0185	1067.3378	609.0944	399.3620	1306.5546	1564.1065	187.0668	753.2364	432.0301	1397.9574	683.0117	1104.3704	695.2769	1427.5496	1177.5929	667.2548	1060.6159	1429.8399	766.6251	664.3613	422.1907	780.6286	1556.0723	957.2847	791.5681	1322.4802	1096.8400	720.8557	798.3489	459.4355	890.9484	1254.6414	974.6487	298.3035	1336.4797	1243.5433	777.6297	1072.3027	1049.4208	261.9637	1581.2957	1163.7066	1373.9742	1461.8105	905.1657	800.7696	374.0013	414.5455	1294.5737	661.0734	134.3019
1186.1197	1544.3215	1077.9262	1106.0289	487.1817	1619.9448	1612.5771	1071.2693	1870.2110	862.9444	2157.6886	1020.1225	1081.4250	307.2621	559.1395	857.2444	0.0000	1242.7236	2225.2843	1059.6702	555.0901	36.0555	1459.0552	1561.4993	1279.0285	1496.2620	1406.5504	1031.4480	1908.8020	510.2470	1758.0640	1727.1277	233.6172	1295.6855	1119.0286	395.3796	1009.3998	1030.1660	1071.3926	1375.9913	380.1394	337.2432	347.2478	642.9253	1182.1222	1139.5596	271.5364	1471.1152	1238.7675	1702.6606	222.4095	477.4599	1204.3762	1240.0327	1455.9413	823.7439	1568.5015	859.9360	1433.1172	1489.8393	1131.5697	1285.5326	1185.4459	350.2585	1425.2470	253.5705	1986.2150	115.1086	342.0936	748.8531	872.9794	2227.0189	1703.8809	178.3928	1499.6246	1707.0003	1553.5047	289.6084	1143.1067	489.4946	1958.0636	1717.6030	1052.2970	1939.1364	1913.4566	1372.0787	1157.6601	1198.6426	888.6130	1357.4049	439.0683	1878.0674	1191.1381	1717.2586	1644.5364	842.8197	856.1145	1523.8153	1136.3318	729.7924
807.7586	1808.3487	424.7364	290.6303	836.6122	601.3327	1682.6589	501.5376	1461.5940	403.7140	1757.8197	1084.2085	388.4765	1490.4026	1380.8001	1484.4427	1242.7236	0.0000	1833.1459	972.5024	1478.6470	1223.7753	1773.5400	332.6409	457.4407	1352.3794	2225.2123	1385.5501	1515.8143	1097.8133	1050.6174	1655.5567	1391.0518	704.1200	301.3851	925.0195	452.1969	1434.2245	1833.0576	388.8162	1259.5396	1409.0128	1197.1136	765.0993	263.6001	1338.2623	1411.5020	1766.8916	75.5844	1624.7009	1187.4174	960.4884	1520.5262	289.4564	274.6143	1611.6389	1743.8443	1085.0622	455.0703	2115.1229	469.5061	1220.9259	60.0333	1132.6981	2136.2315	1099.2306	1493.1336	1175.9201	1016.5520	1063.7504	717.5047	1867.3931	1664.3041	1401.0175	680.0529	1415.4476	1788.9128	1512.7911	1941.9827	766.3765	1739.6508	1665.0868	1782.7386	1540.4064	1644.5504	1248.7121	541.2476	620.0081	1705.7037	114.7258	927.6319	1340.9224	61.3514	1833.0644	1898.0142	1756.5401	1100.9787	763.0813	1058.7313	1452.4631
1141.2703	1044.0694	1494.0084	1602.9180	2212.0922	1333.3375	795.8800	1432.2639	384.6102	1988.8502	75.9605	1205.3298	1524.7485	2523.1195	1807.3021	1571.3644	2225.2843	1833.1459	0.0000	1177.6778	1903.8133	2239.6451	1119.3016	1751.7996	1379.6594	734.6033	1916.9502	1293.9525	334.2828	1719.0654	813.3542	603.0755	2156.2164	1155.8430	1583.5116	2233.8758	1521.6708	1329.3547	1724.9707	1453.7297	1899.2083	2556.5792	1900.2181	1662.6716	1587.7912	1141.7399	2139.4322	1094.1234	1908.5400	610.7119	2362.9710	1759.3504	1187.5117	1546.8798	1656.1670	1744.0287	928.4207	1367.7573	1398.3179	1591.0616	1422.0619	942.1189	1817.0933	2416.0002	1722.8584	2308.1776	345.1377	2110.3564	1893.6404	1477.9773	1445.6172	58.7963	645.2317	2248.6036	1162.6521	519.0183	1005.7699	2298.5728	1796.6739	1911.2114	337.0178	626.0176	1677.7536	305.1885	327.8323	854.1721	1348.0182	1264.2413	1783.3959	1838.8806	2283.2663	497.2776	1866.9087	825.0388	1023.2155	1915.4960	1373.4548	1075.6807	1091.8058	1686.0074
239.7269	836.7999	548.3357	681.8776	1052.7911	882.8771	740.0027	472.4881	812.2192	930.1882	1107.1210	133.6899	584.2337	1364.0649	752.9475	664.4494	1059.6702	972.5024	1177.6778	0.0000	867.9090	1070.6302	801.4144	1110.1140	610.8560	480.2635	1355.9664	457.6505	853.0346	572.6474	764.6829	768.9298	1029.1919	420.1928	672.0268	1063.9370	525.0000	514.2188	989.6873	757.6708	777.2960	1384.5613	760.1066	493.0416	721.3723	371.6517	1021.1684	794.4161	1032.1909	739.0183	1185.8790	585.3999	558.5705	727.2647	970.9068	843.3321	779.9487	256.1582	763.7761	1180.1669	516.4000	284.9649	926.3050	1239.2393	1228.5902	1130.5631	926.6353	944.7566	721.1193	342.5843	310.8504	1185.8541	762.7090	1109.1461	660.1856	659.9098	818.9969	1178.9232	1099.0223	744.2177	946.8516	769.6941	932.9394	883.4484	883.0838	351.0000	460.4085	412.2730	925.8445	1044.2437	1116.4676	823.4865	971.8174	885.8589	928.7481	1027.2575	271.0000	630.1571	101.0000	709.4787
1078.7052	1060.9072	1164.4956	1249.9700	947.7241	1666.0930	1187.1857	1121.6653	1596.1059	1185.4484	1845.6720	766.6453	1184.7806	744.0329	116.1551	358.2639	555.0901	1478.6470	1903.8133	867.9090	0.0000	589.4107	969.0702	1746.5122	1332.3397	1177.6778	865.6033	613.3596	1622.8278	385.9495	1632.5912	1338.8671	348.0833	1240.8288	1254.5318	879.3179	1100.7420	587.1771	516.3497	1465.2020	237.9937	849.0748	305.7385	717.6684	1322.1377	762.0768	313.0447	985.7003	1502.0120	1320.2492	776.7889	518.6261	754.5575	1364.0440	1616.9385	271.7517	1111.4684	612.1479	1502.0652	935.9252	1187.4363	987.1317	1418.7942	900.5087	870.8180	791.6142	1731.7462	492.0620	494.6039	535.4120	856.4450	1892.7779	1306.7077	451.7842	1480.5705	1409.8316	1078.2031	443.1907	591.9358	762.8434	1596.8400	1323.4368	498.2309	1651.4917	1576.9467	1075.1860	1177.5916	1180.1225	333.7933	1587.1336	936.6675	1657.3931	1442.8739	1263.4128	1154.7056	308.6098	598.2282	1472.2663	901.1798	226.2786
1190.6452	1571.1757	1070.4284	1094.3089	456.6158	1611.9606	1635.2446	1066.3217	1882.1958	840.2244	2171.5340	1035.2053	1072.7330	304.4240	590.5294	887.2114	36.0555	1223.7753	2239.6451	1070.6302	589.4107	0.0000	1486.5430	1544.6178	1272.2838	1512.3505	1442.2385	1055.9171	1921.4643	528.8667	1760.7388	1747.0232	269.6312	1296.0035	1107.7965	363.5891	1002.2155	1056.0616	1105.7604	1366.2752	408.9230	318.1525	372.3399	642.9316	1170.1235	1161.0099	307.5841	1498.2496	1217.9758	1722.2268	187.4513	486.1481	1229.8724	1228.7526	1441.0527	857.3086	1593.4343	876.5672	1424.4581	1523.4740	1125.7220	1301.3539	1166.9764	314.4408	1459.9017	217.8302	1996.6096	131.8256	350.1428	765.3712	874.9314	2242.2446	1724.4298	210.8364	1496.4445	1720.9678	1579.7560	320.0953	1178.1940	477.1509	1975.6237	1737.9171	1086.0778	1951.8325	1929.4538	1387.3500	1154.0316	1197.2585	923.0975	1338.3482	405.6217	1886.5400	1171.3693	1741.6776	1671.7057	878.4446	873.3751	1522.6441	1149.2824	760.8055
999.5089	94.1116	1349.7292	1483.0084	1677.2704	1606.2755	326.0751	1273.8634	956.9206	1684.9252	1085.4575	693.2128	1385.5461	1701.8860	914.7267	614.3631	1459.0552	1773.5400	1119.3016	801.4144	969.0702	1486.5430	0.0000	1896.8780	1394.1133	598.7203	803.2745	454.5910	953.0944	994.3088	1275.5222	522.0958	1300.3265	1163.0155	1473.4127	1650.2876	1323.6351	437.3603	629.7174	1536.8390	1079.2757	1787.4185	1115.4107	1164.8197	1522.2276	439.4201	1270.4936	25.1794	1831.8704	522.4222	1659.0467	1117.7880	278.0000	1524.8544	1759.4672	730.2821	191.2302	745.1094	1528.8077	498.2580	1315.7051	593.3296	1726.2816	1758.8067	614.3427	1640.1585	1100.3290	1359.8382	1213.5774	825.0218	1078.5198	1087.3753	478.2050	1405.2366	1365.8302	776.9891	122.1188	1411.6179	685.9191	1381.6385	782.2896	497.2907	591.8488	971.9424	815.0006	614.7861	1254.6765	1193.9858	734.8041	1845.1477	1710.7791	1109.6436	1770.8326	323.0000	186.5315	864.5166	734.9136	1303.2210	721.3127	748.6154
897.3962	1916.4877	597.7165	496.7293	1168.8088	421.6835	1751.5048	659.8257	1407.9989	736.2099	1679.5440	1237.5080	570.5436	1818.0347	1641.3778	1701.7274	1561.4993	332.6409	1751.7996	1110.1140	1746.5122	1544.6178	1896.8780	0.0000	502.8578	1398.6422	2436.0772	1558.0452	1461.6296	1360.6381	939.0000	1687.4081	1695.1711	742.5396	493.4015	1256.2902	653.4707	1611.6855	2050.0073	361.4194	1540.7511	1740.2095	1482.2203	1030.1209	426.6626	1480.8065	1712.6132	1886.2290	369.2438	1657.7626	1517.2060	1236.9285	1668.2476	395.2581	139.5170	1847.6499	1834.9193	1278.2871	384.2981	2288.2939	602.4566	1311.6562	383.0117	1465.0833	2327.3257	1429.1263	1406.7928	1487.6055	1311.0805	1281.6743	921.7033	1794.0036	1704.4794	1713.5437	606.9811	1406.5739	1891.4685	1823.5539	2160.6224	1076.5617	1720.1282	1701.4935	1996.5202	1481.7456	1617.9159	1317.2395	650.0562	703.3633	1940.7681	228.5695	1260.0766	1255.7026	392.5939	1901.0852	1996.6662	2006.3053	1295.4335	694.1016	1178.0195	1690.1127
394.8189	1415.0594	203.0394	243.7417	1015.8051	344.0363	1259.5956	215.1279	1005.0995	662.6953	1304.0161	741.0479	208.9067	1572.0865	1219.7528	1232.2475	1279.0285	457.4407	1379.6594	610.8560	1332.3397	1272.2838	1394.1133	502.8578	0.0000	914.6289	1954.6217	1064.6300	1059.2247	954.1708	622.6757	1213.0260	1356.6197	253.6710	223.1435	1078.4549	270.2480	1119.7375	1575.5735	147.1394	1156.7281	1531.9690	1108.6483	655.3694	209.9738	979.6989	1365.2875	1383.6510	531.8994	1182.5248	1303.6027	862.0963	1167.2755	168.1814	365.5311	1392.0230	1336.5123	800.9919	169.8146	1791.0011	150.1200	811.3051	437.5386	1294.3048	1836.2769	1222.0147	1043.0590	1182.4077	969.0253	824.2845	475.9884	1412.3063	1225.4664	1400.0807	261.7250	960.0333	1390.8505	1500.0030	1686.3182	802.5540	1283.6234	1224.5497	1520.4253	1084.2435	1187.6304	823.0152	160.0156	200.6440	1482.6898	486.1214	1106.0764	892.2135	487.5162	1410.0699	1496.9977	1562.4586	818.4681	329.0973	675.3991	1239.3454
548.2335	577.2218	942.1916	1073.3592	1532.6298	1054.3799	359.4844	867.0006	425.9589	1388.6054	671.7648	478.2322	978.3455	1790.9913	1077.0984	862.8998	1496.2620	1352.3794	734.6033	480.2635	1177.6778	1512.3505	598.7203	1398.6422	914.6289	0.0000	1361.1877	580.9002	446.9239	987.4492	677.5699	305.0016	1421.6135	661.7439	1058.1233	1540.8845	943.3260	625.3079	1081.0227	1041.0495	1164.6261	1830.3194	1166.6520	972.2597	1088.7888	421.8862	1404.9925	578.6363	1421.5207	274.0018	1644.9784	1039.5153	521.2773	1071.6198	1269.6633	1045.1651	468.8166	636.4102	1015.1970	1088.4066	885.3892	211.1919	1317.3526	1708.4522	1187.5626	1596.3715	568.9868	1381.8285	1171.0389	747.4149	783.3499	731.9761	311.9776	1514.2629	816.5207	234.0299	542.6537	1564.2535	1172.2751	1223.2600	469.3197	312.9217	1027.0701	474.8579	417.1954	129.7690	811.6606	732.5845	1099.1820	1398.3147	1594.5824	534.8355	1366.7370	505.4750	632.4207	1226.7196	640.9899	741.9414	382.4265	966.5925
1594.3952	873.0596	1840.1666	1955.8701	1810.5496	2238.2558	1129.0868	1776.2641	1752.8608	1999.7222	1886.7167	1222.2872	1870.0096	1521.0003	912.9321	740.7699	1406.5504	2225.2123	1916.9502	1355.9664	865.6033	1442.2385	803.2745	2436.0772	1954.6217	1361.1877	0.0000	899.9450	1752.8779	1166.9105	2011.0746	1325.0457	1178.2975	1774.8355	1953.7822	1744.6412	1790.4301	842.5972	393.1030	2101.1787	1095.4679	1654.6556	1160.8053	1476.8023	2016.3643	1023.3377	1139.6719	828.1956	2264.5002	1325.6655	1628.3151	1320.5393	856.8605	2041.0255	2297.4606	636.0016	991.0989	1157.9335	2115.4387	339.9485	1834.9174	1276.6558	2168.2717	1756.6289	196.7562	1652.4751	1897.9110	1355.9388	1339.3446	1162.2930	1518.2454	1881.4263	1281.0191	1267.7539	2009.9915	1566.2803	911.7110	1208.6294	287.6891	1595.2194	1580.9254	1300.0062	442.4850	1772.9394	1618.1236	1333.2457	1796.1562	1762.9090	546.9781	2321.6761	1802.2333	1892.7168	2202.1957	1095.8581	901.5742	563.9158	1140.7243	1967.4524	1320.8459	788.9772
694.7841	527.9564	974.0329	1100.5294	1222.7072	1338.5141	586.5970	903.4827	1006.5744	1249.3622	1238.2718	324.5751	1007.2860	1297.2914	526.5150	282.0018	1031.4480	1385.5501	1293.9525	457.6505	613.3596	1055.9171	454.5910	1558.0452	1064.6300	580.9002	899.9450	0.0000	1027.2604	545.0991	1144.5663	726.6148	902.6760	875.0554	1094.6598	1197.0338	934.7390	57.6975	547.4568	1211.7694	659.2670	1366.5731	684.2003	718.9172	1151.8029	159.8405	878.6495	460.3314	1436.3405	707.2652	1220.3086	663.4674	179.0782	1167.3123	1418.5345	465.4600	537.7918	307.8262	1220.8399	732.2144	956.5568	420.0012	1333.2595	1313.6126	771.7629	1195.0268	1148.2199	925.7997	763.3276	373.3738	669.4356	1280.9223	695.9490	1004.2017	1110.3590	814.8405	530.4866	1032.3914	653.2090	928.0086	983.5141	712.1271	490.2448	1054.6303	966.2945	498.9439	909.3932	868.4889	526.3079	1470.0466	1257.3241	1095.8513	1373.9087	685.8236	630.5149	649.5799	294.4164	1070.3242	422.7115	392.2091
806.9876	897.6692	1163.6443	1275.9205	1879.1565	1053.0812	634.4762	1100.3131	54.3323	1656.3556	259.6247	893.3784	1195.1607	2210.0998	1520.1691	1309.1971	1908.8020	1515.8143	334.2828	853.0346	1622.8278	1921.4643	953.0944	1461.6296	1059.2247	446.9239	1752.8779	1027.2604	0.0000	1407.7177	543.4262	447.6885	1853.6041	827.3584	1256.8819	1902.6660	1189.2456	1070.0995	1508.7919	1144.2906	1596.2860	2236.8303	1592.0207	1332.5202	1264.9277	868.6846	1839.3915	928.8665	1590.7388	437.9224	2038.6096	1437.8390	951.3427	1227.3198	1356.2124	1490.2097	775.1877	1058.4352	1093.9260	1449.3288	1092.6230	639.5944	1496.3171	2087.6959	1567.0003	1981.4341	150.4161	1793.6937	1573.1310	1166.6636	1112.8414	357.1134	490.4865	1942.3854	859.1490	213.1783	858.1142	1999.0498	1592.8622	1579.8582	295.1135	473.5705	1457.0340	30.4138	193.5071	550.4407	1017.8900	933.6514	1540.8803	1529.4721	1951.3196	233.1223	1546.4699	721.0118	909.4641	1669.9850	1065.8635	771.1459	772.4798	1413.3945
743.8064	1072.0154	780.3006	864.0394	696.0934	1292.8345	1111.6497	740.9845	1371.6184	833.5184	1652.7516	514.6591	799.6049	804.0560	283.0636	458.4016	510.2470	1097.8133	1719.0654	572.6474	385.9495	528.8667	994.3088	1360.6381	954.1708	987.4492	1166.9105	545.0991	1407.7177	0.0000	1317.0410	1218.3243	457.0000	888.9460	868.5994	658.8998	715.6815	556.9865	777.9422	1083.3024	212.4759	846.6434	187.4593	333.3842	936.2249	635.0591	451.1363	1002.4390	1125.2240	1193.4006	680.2544	153.8831	723.7638	978.6935	1231.0341	532.2800	1080.1801	351.3659	1123.2244	1141.4118	806.9511	777.4124	1038.2765	768.8699	1119.1859	650.4229	1493.7717	397.1524	219.3171	241.2903	481.5444	1719.1059	1196.2650	537.3267	1121.3750	1202.3818	1075.5617	607.2108	879.2753	433.8721	1447.8664	1209.5156	736.8480	1437.8741	1404.5198	864.9116	803.2640	815.2987	624.6415	1204.5995	719.8090	1395.7539	1064.8840	1224.9608	1174.3611	660.4309	346.5083	1123.5502	637.8103	378.3186
575.9141	1253.6259	787.8705	865.0578	1595.1693	520.0346	1017.1411	749.0961	493.3559	1280.8318	742.0061	874.0463	809.5289	2064.6213	1517.5645	1401.8092	1758.0640	1050.6174	813.3542	764.6829	1632.5912	1760.7388	1275.5222	939.0000	622.6757	677.5699	2011.0746	1144.5663	543.4262	1317.0410	0.0000	882.6874	1770.6247	473.9979	844.4691	1642.8420	837.1672	1200.4403	1689.5198	662.1971	1528.2752	2054.6518	1501.2082	1119.4079	830.1048	997.8001	1767.6156	1255.9080	1125.9316	859.0693	1834.2260	1287.2626	1154.2430	778.3894	848.7921	1587.5809	1141.0609	1020.6140	599.5682	1758.9457	713.4991	736.0985	1044.7416	1850.7647	1848.5394	1761.5065	469.0171	1647.8692	1418.5362	1103.0866	885.8894	857.1313	914.4140	1839.5383	371.2479	561.2388	1218.0148	1921.1517	1791.6568	1333.9145	828.2053	904.1665	1632.6384	558.4881	722.7316	678.7702	653.0697	584.8017	1661.8375	1040.6868	1680.1190	320.7024	1092.4363	1147.0144	1301.3674	1774.4526	1034.9807	293.7516	742.8250	1466.1964
853.1319	456.2072	1247.1299	1378.0196	1811.6523	1322.4844	196.0230	1172.0000	463.7639	1689.8547	564.5264	738.2412	1283.2435	2009.5711	1252.6807	991.5856	1727.1277	1655.5567	603.0755	768.9298	1338.8671	1747.0232	522.0958	1687.4081	1213.0260	305.0016	1325.0457	726.6148	447.6885	1218.3243	882.6874	0.0000	1622.8287	959.3628	1362.5994	1812.3060	1248.0425	752.5875	1122.2870	1334.1911	1371.5991	2064.2589	1385.2310	1252.2240	1391.9903	591.5218	1601.0703	497.0493	1725.2898	31.0000	1893.3790	1293.3159	596.1778	1372.7961	1562.0298	1155.1796	334.9343	878.4190	1303.1228	1010.1530	1189.7227	484.6607	1621.4685	1967.4422	1134.2861	1852.2462	598.0803	1615.2127	1418.6000	987.9317	1078.0543	577.1352	44.1814	1721.6928	1091.5182	322.5523	416.6593	1756.8736	1193.7609	1500.9920	269.1412	25.9615	1075.7662	461.8658	293.1382	423.7098	1115.5918	1035.5530	1187.7529	1698.4375	1868.1630	641.5302	1670.9949	276.2843	461.7900	1320.4639	878.6410	1010.6933	668.1467	1114.7327
1195.2611	1389.8093	1163.8024	1215.8129	702.1574	1700.6222	1489.0991	1142.1580	1819.9648	1036.3252	2092.5738	962.0359	1174.2185	401.6279	385.8938	686.4874	233.6172	1391.0518	2156.2164	1029.1919	348.0833	269.6312	1300.3265	1695.1711	1356.6197	1421.6135	1178.2975	902.6760	1853.6041	457.0000	1770.6247	1622.8287	0.0000	1329.5300	1225.7765	616.2353	1095.0420	890.0140	857.1027	1469.8752	257.3810	501.0010	270.0852	701.2574	1292.1803	1031.7563	38.6394	1315.0441	1397.2180	1600.9522	451.6248	498.0291	1064.2486	1345.0242	1579.1162	619.5361	1428.4775	796.3322	1519.9717	1280.5663	1206.5078	1216.0284	1331.8142	582.0739	1207.0336	486.8809	1945.7783	228.3265	389.9654	691.4622	907.7489	2151.9856	1595.0715	105.1903	1552.2361	1644.7057	1403.5612	150.5722	921.4565	625.0824	1868.5235	1610.3692	843.7369	1883.4588	1835.2005	1304.9893	1218.6566	1244.9920	674.3293	1505.1568	665.1135	1851.4259	1344.5404	1579.8892	1486.8467	616.2289	788.0539	1563.5658	1090.1271	552.8146
180.6018	1177.0217	339.4378	448.7906	1123.6089	463.4587	1010.0347	285.0000	774.1279	838.4748	1079.8838	553.5675	369.1030	1600.4265	1124.8555	1080.0060	1295.6855	704.1200	1155.8430	420.1928	1240.8288	1296.0035	1163.0155	742.5396	253.6710	661.7439	1774.8355	875.0554	827.3584	888.9460	473.9979	959.3628	1329.5300	0.0000	430.0163	1169.2083	375.6235	932.2687	1409.7252	381.7080	1100.9800	1584.0732	1064.7835	653.0911	443.9910	768.5031	1331.0301	1150.7359	776.8346	928.8757	1361.9534	834.9760	954.2458	416.3076	610.0115	1253.8441	1092.6967	653.8264	366.1038	1584.4153	266.4301	571.9449	677.1270	1376.7687	1642.0780	1288.1867	830.7087	1188.3303	961.0021	707.4475	424.6999	1183.9628	972.0746	1389.8781	243.2879	711.8293	1150.7849	1478.8029	1519.1800	860.2523	1036.3291	970.9876	1353.0447	854.1317	942.9258	574.7878	193.8711	114.2147	1339.5589	739.5221	1207.3947	686.0437	727.4730	1160.1121	1255.0048	1434.0823	670.8211	234.6913	460.2184	1111.2380
510.5536	1507.1782	123.6932	20.6155	809.5042	517.9846	1383.0430	200.1924	1203.4151	439.8204	1507.5812	786.6746	88.1192	1399.9518	1148.4119	1215.3226	1119.0286	301.3851	1583.5116	672.0268	1254.5318	1107.7965	1473.4127	493.4015	223.1435	1058.1233	1953.7822	1094.6598	1256.8819	868.5994	844.4691	1362.5994	1225.7765	430.0163	0.0000	879.1189	163.3554	1145.2567	1564.5680	263.4027	1054.1523	1346.6440	998.2074	541.0822	67.7791	1039.7812	1239.6536	1466.3850	365.5708	1331.6366	1117.7106	750.4139	1223.5493	121.0041	362.4914	1356.2009	1442.5658	800.8002	329.0137	1826.5054	173.0116	920.3505	260.0942	1096.0484	1854.6768	1033.0832	1252.5322	1032.0489	836.4455	793.4179	435.5870	1613.0127	1369.4251	1256.0036	484.4100	1137.7456	1487.5698	1361.9104	1674.7567	630.7139	1462.1368	1371.0233	1512.2077	1283.3180	1370.9241	950.7918	248.2015	331.4529	1449.6565	375.5862	901.3989	1103.7328	308.8770	1533.2378	1596.6393	1513.1034	817.4038	551.4943	757.3804	1198.1068
1110.8758	1724.8223	878.7776	861.7569	96.7729	1397.0948	1735.6157	899.5493	1856.9464	522.8614	2161.1592	1074.0731	869.5660	574.3736	841.4773	1102.8586	395.3796	925.0195	2233.8758	1063.9370	879.3179	363.5891	1650.2876	1256.2902	1078.4549	1540.8845	1744.6412	1197.0338	1902.6660	658.8998	1642.8420	1812.3060	616.2353	1169.2083	879.1189	0.0000	817.7292	1213.9362	1380.4206	1141.9952	652.1848	484.0000	590.3253	571.9930	931.8541	1262.6072	650.8863	1657.1436	905.3662	1784.2674	266.1297	535.0934	1375.9873	994.8065	1170.3546	1124.3740	1722.3176	943.4347	1208.0563	1777.7345	946.9303	1334.4711	873.3298	216.9332	1735.0424	179.0112	1952.3199	398.1520	441.1632	841.6472	791.8396	2245.9421	1797.7889	573.7360	1328.7682	1720.6351	1725.4941	683.6563	1466.7365	322.8157	2009.6771	1808.2492	1350.4614	1932.8075	1946.8665	1411.1502	995.2336	1058.2141	1204.0274	1036.5910	61.0082	1824.3706	867.3898	1861.0631	1827.4116	1185.8533	947.1035	1373.4045	1158.8464	996.1897
399.4897	1361.6920	69.0000	166.4812	761.9829	610.8887	1252.4221	90.6973	1137.3957	467.1841	1445.9059	632.4634	84.0952	1301.8425	992.5447	1052.0627	1009.3998	452.1969	1521.6708	525.0000	1100.7420	1002.2155	1323.6351	653.4707	270.2480	943.3260	1790.4301	934.7390	1189.2456	715.6815	837.1672	1248.0425	1095.0420	375.6235	163.3554	817.7292	0.0000	984.4806	1401.2716	375.0840	908.4591	1263.3388	855.7950	397.1461	227.4225	886.8484	1105.9060	1317.7693	508.2568	1217.0690	1035.4603	607.2166	1068.4203	263.4635	519.1387	1194.3576	1303.1013	638.3056	426.0012	1665.8310	129.2517	788.0419	402.8523	1031.7233	1692.1362	955.0508	1203.6154	914.3140	705.5012	630.2960	272.2811	1546.1646	1251.0196	1134.0018	511.1888	1049.1416	1343.9513	1236.0117	1511.4976	532.8274	1370.3726	1254.2695	1348.8621	1217.2995	1284.9047	828.0870	184.6212	261.8396	1287.6261	536.0037	849.7205	1060.8925	447.2606	1401.3982	1453.6368	1353.3532	654.7824	557.6531	616.2289	1036.6605
751.9003	517.0542	1025.3687	1150.6285	1243.7524	1395.7152	601.8978	955.6673	1051.2455	1287.4180	1275.5117	380.8254	1058.2032	1288.0140	508.0837	242.0124	1030.1660	1434.2245	1329.3547	514.2188	587.1771	1056.0616	437.3603	1611.6855	1119.7375	625.3079	842.5972	57.6975	1070.0995	556.9865	1200.4403	752.5875	890.0140	932.2687	1145.2567	1213.9362	984.4806	0.0000	490.4080	1266.8615	653.4830	1363.0616	683.7404	753.6558	1203.2394	209.0598	864.1169	446.0785	1483.7564	734.9782	1224.8102	683.7968	174.9286	1220.0348	1472.2068	420.1190	540.0491	351.5110	1276.8199	681.3553	1009.6910	472.7156	1381.2762	1322.2349	716.5926	1203.5564	1193.9715	927.3985	776.2847	405.7894	717.0446	1314.2972	719.7138	993.0005	1167.9178	858.5872	523.8597	1015.0650	595.7491	954.2080	1013.7480	736.6098	433.2401	1096.9649	1001.5318	549.3287	963.8304	924.2997	475.9464	1520.2901	1274.5827	1145.6583	1421.2122	690.6700	618.8522	601.7084	336.8590	1128.0217	480.4082	362.2002
1229.4039	720.7947	1452.7908	1566.0351	1439.8403	1871.2031	933.8206	1390.8990	1498.6451	1608.8645	1682.1920	856.9527	1481.7807	1236.3171	539.1744	349.3566	1071.3926	1833.0576	1724.9707	989.6873	516.3497	1105.7604	629.7174	2050.0073	1575.5735	1081.0227	393.1030	547.4568	1508.7919	777.9422	1689.5198	1122.2870	857.1027	1409.7252	1564.5680	1380.4206	1401.2716	490.4080	0.0000	1721.1676	728.4641	1354.5837	790.4309	1083.8621	1627.9635	692.2904	819.7426	653.3804	1871.6765	1114.4564	1293.1280	931.8251	560.0893	1654.7522	1912.0285	256.1250	814.7595	774.9194	1739.3530	425.3998	1451.0052	956.5145	1775.8784	1416.2009	355.6754	1305.7442	1644.3564	1004.9517	960.3843	771.5471	1129.5897	1699.0400	1081.0402	956.5616	1649.5005	1305.5696	751.8304	921.8552	110.8016	1209.5342	1390.9224	1100.1245	57.2451	1532.7987	1405.0431	1026.1589	1416.0470	1388.2831	183.0437	1930.5030	1439.6600	1614.1911	1809.4264	952.6935	789.8215	271.4645	757.4919	1614.1725	967.9525	399.8112
537.5872	1555.2739	306.7784	280.2642	1070.6194	255.7049	1391.6009	343.7586	1089.9748	680.0625	1379.0446	888.1363	296.2431	1660.9738	1354.0491	1376.8152	1375.9913	388.8162	1453.7297	757.6708	1465.2020	1366.2752	1536.8390	361.4194	147.1394	1041.0495	2101.1787	1211.7694	1144.2906	1083.3024	662.1971	1334.1911	1469.8752	381.7080	263.4027	1141.9952	375.0840	1266.8615	1721.1676	0.0000	1281.1034	1609.8425	1229.8882	771.8633	212.4735	1125.7087	1480.9794	1525.8008	463.9192	1304.1231	1380.8787	981.5457	1313.2776	148.9329	228.6504	1534.2497	1473.5756	946.2949	71.5891	1937.8341	278.3846	950.3063	388.0129	1358.9191	1983.4104	1296.4266	1111.0113	1285.0004	1080.0981	965.6091	611.7655	1490.5412	1349.3057	1506.7024	293.0017	1065.6087	1530.0944	1609.9854	1831.9479	890.1916	1385.6208	1347.1897	1666.2188	1167.2883	1286.3048	956.4685	305.2032	346.2254	1625.4984	385.5230	1162.9209	958.2928	433.5551	1541.5359	1635.2480	1702.5572	963.7448	378.4402	820.2451	1380.3366
955.9801	1165.2129	975.2359	1047.4015	715.1224	1497.9710	1244.9390	942.0340	1562.8708	951.1745	1835.3338	705.3538	991.3314	639.0649	190.9476	478.9259	380.1394	1259.5396	1899.2083	777.2960	237.9937	408.9230	1079.2757	1540.7511	1156.7281	1164.6261	1095.4679	659.2670	1596.2860	212.4759	1528.2752	1371.5991	257.3810	1100.9800	1054.1523	652.1848	908.4591	653.4830	728.4641	1281.1034	0.0000	709.7556	67.8012	513.2378	1121.8846	780.0987	244.6753	1091.6822	1278.3071	1348.9348	588.5576	303.9901	828.3236	1168.6424	1415.6189	472.6479	1193.3403	539.6666	1324.5577	1132.4862	1007.8432	958.6762	1199.5082	701.4449	1083.5686	586.1229	1689.4212	288.2568	257.7014	436.6062	689.2206	1895.4875	1345.2331	350.9558	1332.0060	1387.3269	1175.3489	403.8973	815.0663	526.9317	1613.9780	1360.0360	700.1778	1626.1230	1578.8736	1047.6192	1009.2695	1025.2151	552.0915	1370.2912	711.2306	1597.2417	1220.5523	1343.3484	1265.0194	545.5538	531.0085	1335.6440	834.5394	355.9508
1491.7362	1874.3586	1329.0546	1330.6544	574.2587	1862.4527	1949.1911	1336.3761	2196.7508	1006.4472	2488.0452	1352.8729	1325.5403	151.8190	876.4131	1178.3892	337.2432	1409.0128	2556.5792	1384.5613	849.0748	318.1525	1787.4185	1740.2095	1531.9690	1830.3194	1654.6556	1366.5731	2236.8303	846.6434	2054.6518	2064.2589	501.0010	1584.0732	1346.6440	484.0000	1263.3388	1363.0616	1354.5837	1609.8425	709.7556	0.0000	683.0666	936.4828	1403.5441	1476.7481	536.7802	1800.4835	1388.1931	2039.6867	228.9825	799.1727	1537.7766	1465.3901	1652.2016	1120.4932	1902.5714	1194.7004	1673.0547	1779.3673	1391.1653	1619.2606	1357.2122	286.1957	1700.1000	314.3835	2308.7540	449.5387	663.6995	1083.5027	1171.0687	2559.7656	2041.1186	398.5035	1770.1438	2037.6931	1885.0172	446.3743	1412.2677	731.4164	2293.7711	2054.8180	1343.6346	2267.2258	2247.3596	1705.0141	1428.5552	1480.0084	1172.6662	1520.4029	486.8367	2195.2330	1351.2502	2052.0361	1973.5919	1102.9597	1191.5221	1804.1596	1465.3781	1046.8859
